00000000000000000000000000000000
00000000000000000000000000000000
00000000000000000000000000000000
00000000000000000000000000000000
00000018000000180000000C00000000
00000000000000000100000001000000
01000000010000000000000000000000
01000000000000000000000000000000
00000000010000000100000001000000
00000000000000000100000001000000
01000000000000000000000000000000
00000000010000000000000000000000
00FFEDDD00001223000000010000000E
01000000010000000A0000000019999A
0055555500AAAAAB0000000000000000
00000000000000000000000000000000
