00000000000000000000000000000000
00000000000000000000000000000000
00000000000000000000000000000000
00000000000000000000000000000000
0000005C0000005C0000002000000000
00000030000000300000002800000000
00000058000000580000002000000000
00000000000000000100000001000000
01000000010000000000000000000000
01000000000000000000000000000000
00000000010000000100000001000000
00000000000000000100000001000000
01000000000000000000000000000000
00000000010000000000000000000000
00FFEDDD00001223000000010000000E
00000000000000000000000000000000
000000000000208A0000000000000000
0000000000000000000000000000208A
00000000000000000000000000000000
000000000000208A0000000000000000
0000000000000000000000000000208A
00000000000000000000000000000000
000000000000208A0100000000000000
00000000000000000000000000000000
00000000000000000000000000000000
00000000000000000000000000000000
00000000000000000000000000000000
00000000000000000000000000000000
00000000000000000000000000000000
00000000000000000000000000000000
00000000000000000000000000000000
00000000000000000000000000000000
